15
1 6
2 0 1 0 0 0
9 19 22 5 7 15 
5 2
4 2
24 23 
17 9 
3 11 
1 12 
24 11 
9 10
5 1 0 2 0 2 0 0 0 0
11 27 9 19 28 23 15 9 24 8 
9 28 30 21 7 23 29 17 19 12 
13 28 28 26 13 12 10 21 22 28 
3 29 27 16 30 2 1 13 28 5 
18 29 7 9 9 26 30 6 7 2 
27 23 13 7 9 26 13 21 1 7 
29 28 27 17 22 23 13 27 11 28 
10 11 5 2 16 4 8 19 15 19 
4 26 25 6 17 15 13 30 22 16 
8 2
5 4
5 26 
9 2 
1 27 
20 18 
25 20 
5 5 
19 16 
15 16 
6 7
4 0 0 2 0 0 0
14 9 1 24 9 8 7 
7 27 18 27 16 29 23 
9 24 17 11 26 10 17 
5 1 7 7 13 15 21 
12 29 28 5 9 8 8 
26 19 5 13 3 13 12 
8 7
7 2 0 0 1 0 0
27 12 10 8 21 6 23 
22 18 1 15 11 9 14 
25 23 26 9 22 23 20 
23 2 23 30 20 14 14 
3 28 26 27 21 11 4 
26 21 26 9 23 22 4 
7 25 16 1 27 22 10 
1 22 26 10 13 8 13 
3 2
0 4
8 13 
5 10 
10 11 
6 3
3 2 3
6 25 24 
3 20 4 
28 18 26 
21 28 12 
28 9 17 
13 21 3 
7 7
1 2 0 2 0 0 2
11 7 20 26 30 6 4 
10 9 23 10 10 28 21 
19 16 28 29 30 27 20 
11 20 4 8 22 24 21 
3 14 23 13 17 28 5 
11 5 10 14 26 17 8 
30 4 9 3 26 15 24 
3 2
4 1
28 30 
22 3 
19 14 
4 3
4  1 1 
22 18 23 
24 22 9  
11 6 13 
10 23 8  
10 5
12 2 0 0 0
27 17 8 28 7 
6 11 22 21 11 
13 16 24 5 26 
4 25 12 18 16 
30 26 30 7 11 
29 16 14 5 27 
16 2 17 11 2 
2 5 20 15 6 
2 11 26 9 8 
13 30 25 27 9 
10 4
13 1 0 0
26 12 30 8 
27 17 29 15 
14 21 8 15 
19 25 26 4 
19 26 1 28 
13 7 5 10 
27 5 8 25 
29 28 15 18 
5 21 26 24 
24 22 27 28 
9 1
10
20 
21 
19 
26 
29 
26 
3 
30 
23 
2 7
3 2 1 0 0 0 0
11 18 28 10 14 16 23 
28 26 2 26 20 20 22 



4 3
4  1 1 
22 18 23 
24 22 9  
11 6 13 
10 23 8 

sol: 22 9 6 10